0 1 37 89 74 241 111 163 148 71 185 37 222 243
1 3 38 235 75 8 112 254 149 201 186 111 223 14
2 5 39 38 76 24 113 25 150 64 187 177 224 18
3 15 40 106 77 40 114 43 151 192 188 200 225 54
4 17 41 190 78 120 115 125 152 91 189 67 226 90
5 51 42 217 79 136 116 135 153 237 190 197 227 238
6 85 43 112 80 131 117 146 154 44 191 84 228 41
7 255 44 144 81 158 118 173 155 116 192 252 229 123
8 26 45 171 82 185 119 236 156 156 193 31 230 141
9 46 46 230 83 208 120 47 157 191 194 33 231 140
10 114 47 49 84 107 121 113 158 218 195 99 232 143
11 150 48 83 85 189 122 147 159 117 196 165 233 138
12 161 49 245 86 220 123 174 160 159 197 244 234 133
13 248 50 4 87 127 124 233 161 186 198 7 235 148
14 19 51 12 88 129 125 32 162 213 199 9 236 167
15 53 52 20 89 152 126 96 163 100 200 27 237 242
16 95 53 60 90 179 127 160 164 172 201 45 238 13
17 225 54 68 91 206 128 251 165 239 202 119 239 23
18 56 55 204 92 73 129 22 166 42 203 153 240 57
19 72 56 79 93 219 130 58 167 126 204 176 241 75
20 216 57 209 94 118 131 78 168 130 205 203 242 221
21 115 58 104 95 154 132 210 169 157 206 70 243 124
22 149 59 184 96 181 133 109 170 188 207 202 244 132
23 164 60 211 97 196 134 183 171 223 208 69 245 151
24 247 61 110 98 87 135 194 172 122 209 207 246 162
25 2 62 178 99 249 136 93 173 142 210 74 247 253
26 6 63 205 100 16 137 231 174 137 211 222 248 28
27 10 64 76 101 48 138 50 175 128 212 121 249 36
28 30 65 212 102 80 139 86 176 155 213 139 250 108
29 34 66 103 103 240 140 250 177 182 214 134 251 180
30 102 67 169 104 11 141 21 178 193 215 145 252 199
31 170 68 224 105 29 142 63 179 88 216 168 253 82
32 229 69 59 106 39 143 65 180 232 217 227 254 246
33 52 70 77 107 105 144 195 181 35 218 62
34 92 71 215 108 187 145 94 182 101 219 66
35 228 72 98 109 214 146 226 183 175 220 198
36 55 73 166 110 97 147 61 184 234 221 81